---
build/cached/3b60ed1fd6670fc86420b907efa4c984.jpg: 2019-01-29 17:12:46.838798579 +00:00
build/cached/29a26471e10bafaa42cb4ad7ae958bdb.jpg: 2019-01-29 17:12:46.806798384 +00:00
build/cached/9204fe6122e937e5c5c2f80a0efe6e89.jpg: 2019-01-29 17:12:46.818798457 +00:00
build/cached/4a5948d97dcf5bedb9f8560c664135c7.jpg: 2019-01-29 17:12:46.866798749 +00:00
build/cached/4f02f8be088ce3da9c7b5c9d438014cf.jpg: 2019-01-29 17:12:46.878798821 +00:00
build/cached/19e5873a153df4ad18985ad8a91fc95e.jpg: 2019-01-29 17:12:46.882798845 +00:00
build/cached/0d3f0991b4390eaddfde391e54ebda44.jpg: 2019-01-29 17:12:46.894798918 +00:00
build/cached/99842d86d7a9ce265e7f65360e5e1d52.jpg: 2019-01-29 17:12:46.922799088 +00:00
build/cached/0f50fe3d26c0fc094b5bb59e4813db73.jpg: 2019-01-29 17:12:46.902798967 +00:00
build/cached/cc90e0fb3f818617a6e07415f9d655bf.jpg: 2019-01-29 17:12:46.966799355 +00:00
build/cached/913987275a9b4f4882cc90dde06d077d.jpg: 2019-01-29 17:12:46.978799428 +00:00
build/cached/d8fcbd3f152bf044a75aad753f775ecb.jpg: 2019-01-29 17:12:46.978799428 +00:00
build/cached/8486ba491f9a4ce3101e757e50e1b9b3.jpg: 2019-01-29 17:12:47.010799622 +00:00
build/cached/93517c990d51a196dab2ca457d43ce8f.jpg: 2019-01-29 17:12:46.990799501 +00:00
build/cached/da503fee524d6307992672f7bd721ae4.jpg: 2019-01-29 17:12:47.042799815 +00:00
build/cached/ab195a7a67f8897073ec51dd199cf20f.jpg: 2019-01-29 17:12:47.022799695 +00:00
build/images/apple-touch-icon-ed52cc8f.png: 2019-01-29 17:12:49.366813820 +00:00
build/images/me-plus-ted-3e061e47.jpg: 2019-01-29 17:12:47.070799985 +00:00
build/images/nothing-to-see-2f21420f.gif: 2019-01-29 17:12:12.326574744 +00:00
build/images/mstile-150x150-e4447f78.png: 2019-01-29 17:12:51.534826772 +00:00
build/images/piet_sqr-eba4e34b.jpg: 2019-01-29 17:12:12.322574716 +00:00
build/images/favicon-16x16-8de6d68e.png: 2019-01-29 17:12:49.402814036 +00:00
build/images/android-chrome-256x256-0f6e8555.png: 2019-01-29 17:12:57.390861216 +00:00
build/images/posts/usabilla-frontend-team-sized-482cfb0a.jpg: 2019-01-29 17:12:51.550826867
  +00:00
build/images/favicon-32x32-904624ca.png: 2019-01-29 17:12:51.722827890 +00:00
build/images/android-chrome-192x192-5ebe1160.png: 2019-01-29 17:13:00.714880421 +00:00
build/images/30-rock-yes-3c5d8bfb.gif: 2019-01-29 17:12:57.830863773 +00:00
