---
build/cached/3b60ed1fd6670fc86420b907efa4c984.jpg: 2018-12-10 16:07:26.527927896 +00:00
build/cached/29a26471e10bafaa42cb4ad7ae958bdb.jpg: 2018-12-10 16:07:26.503927604 +00:00
build/cached/9204fe6122e937e5c5c2f80a0efe6e89.jpg: 2018-12-10 16:07:26.511927702 +00:00
build/cached/4a5948d97dcf5bedb9f8560c664135c7.jpg: 2018-12-10 16:07:26.559928285 +00:00
build/cached/4f02f8be088ce3da9c7b5c9d438014cf.jpg: 2018-12-10 16:07:26.563928334 +00:00
build/cached/19e5873a153df4ad18985ad8a91fc95e.jpg: 2018-12-10 16:07:26.571928431 +00:00
build/cached/0d3f0991b4390eaddfde391e54ebda44.jpg: 2018-12-10 16:07:26.579928528 +00:00
build/cached/99842d86d7a9ce265e7f65360e5e1d52.jpg: 2018-12-10 16:07:26.607928869 +00:00
build/cached/0f50fe3d26c0fc094b5bb59e4813db73.jpg: 2018-12-10 16:07:26.587928626 +00:00
build/cached/cc90e0fb3f818617a6e07415f9d655bf.jpg: 2018-12-10 16:07:26.643929307 +00:00
build/cached/913987275a9b4f4882cc90dde06d077d.jpg: 2018-12-10 16:07:26.663929550 +00:00
build/cached/d8fcbd3f152bf044a75aad753f775ecb.jpg: 2018-12-10 16:07:26.651929404 +00:00
build/cached/8486ba491f9a4ce3101e757e50e1b9b3.jpg: 2018-12-10 16:07:26.683929793 +00:00
build/cached/93517c990d51a196dab2ca457d43ce8f.jpg: 2018-12-10 16:07:26.679929744 +00:00
build/cached/da503fee524d6307992672f7bd721ae4.jpg: 2018-12-10 16:07:26.739930474 +00:00
build/cached/ab195a7a67f8897073ec51dd199cf20f.jpg: 2018-12-10 16:07:26.691929890 +00:00
build/images/apple-touch-icon-ed52cc8f.png: 2018-12-10 16:07:29.199960244 +00:00
build/images/me-plus-ted-3e061e47.jpg: 2018-12-10 16:07:26.775930912 +00:00
build/images/nothing-to-see-2f21420f.gif: 2018-12-10 16:07:25.775918752 +00:00
build/images/mstile-150x150-e4447f78.png: 2018-12-10 16:07:31.359986089 +00:00
build/images/piet_sqr-eba4e34b.jpg: 2018-12-10 16:07:25.771918704 +00:00
build/images/favicon-16x16-8de6d68e.png: 2018-12-10 16:07:29.235960677 +00:00
build/images/android-chrome-256x256-0f6e8555.png: 2018-12-10 16:07:37.188054805 +00:00
build/images/posts/usabilla-frontend-team-sized-482cfb0a.jpg: 2018-12-10 16:07:31.375986280
  +00:00
build/images/favicon-32x32-904624ca.png: 2018-12-10 16:07:31.551988378 +00:00
build/images/android-chrome-192x192-5ebe1160.png: 2018-12-10 16:07:40.576094078 +00:00
build/images/30-rock-yes-3c5d8bfb.gif: 2018-12-10 16:07:37.632059992 +00:00
