---
build/cached/3b60ed1fd6670fc86420b907efa4c984.jpg: 2018-12-10 12:29:21.890250280 +00:00
build/cached/29a26471e10bafaa42cb4ad7ae958bdb.jpg: 2018-12-10 12:29:21.862249636 +00:00
build/cached/9204fe6122e937e5c5c2f80a0efe6e89.jpg: 2018-12-10 12:29:21.878250004 +00:00
build/cached/4a5948d97dcf5bedb9f8560c664135c7.jpg: 2018-12-10 12:29:21.918250924 +00:00
build/cached/4f02f8be088ce3da9c7b5c9d438014cf.jpg: 2018-12-10 12:29:21.930251200 +00:00
build/cached/19e5873a153df4ad18985ad8a91fc95e.jpg: 2018-12-10 12:29:21.938251384 +00:00
build/cached/0d3f0991b4390eaddfde391e54ebda44.jpg: 2018-12-10 12:29:21.942251476 +00:00
build/cached/99842d86d7a9ce265e7f65360e5e1d52.jpg: 2018-12-10 12:29:21.978252305 +00:00
build/cached/0f50fe3d26c0fc094b5bb59e4813db73.jpg: 2018-12-10 12:29:21.954251753 +00:00
build/cached/cc90e0fb3f818617a6e07415f9d655bf.jpg: 2018-12-10 12:29:22.014253132 +00:00
build/cached/913987275a9b4f4882cc90dde06d077d.jpg: 2018-12-10 12:29:22.034253590 +00:00
build/cached/d8fcbd3f152bf044a75aad753f775ecb.jpg: 2018-12-10 12:29:22.026253408 +00:00
build/cached/8486ba491f9a4ce3101e757e50e1b9b3.jpg: 2018-12-10 12:29:22.070254415 +00:00
build/cached/93517c990d51a196dab2ca457d43ce8f.jpg: 2018-12-10 12:29:22.046253866 +00:00
build/cached/da503fee524d6307992672f7bd721ae4.jpg: 2018-12-10 12:29:22.106255240 +00:00
build/cached/ab195a7a67f8897073ec51dd199cf20f.jpg: 2018-12-10 12:29:22.082254691 +00:00
build/images/apple-touch-icon-ed52cc8f.png: 2018-12-10 12:29:24.630312877 +00:00
build/images/me-plus-ted-3e061e47.jpg: 2018-12-10 12:29:22.138255974 +00:00
build/images/nothing-to-see-2f21420f.gif: 2018-12-10 12:29:21.086231784 +00:00
build/images/mstile-150x150-e4447f78.png: 2018-12-10 12:29:26.822362484 +00:00
build/images/piet_sqr-eba4e34b.jpg: 2018-12-10 12:29:21.082231692 +00:00
build/images/favicon-16x16-8de6d68e.png: 2018-12-10 12:29:24.666313696 +00:00
build/images/android-chrome-256x256-0f6e8555.png: 2018-12-10 12:29:32.838496457 +00:00
build/images/posts/usabilla-frontend-team-sized-482cfb0a.jpg: 2018-12-10 12:29:26.846363026
  +00:00
build/images/favicon-32x32-904624ca.png: 2018-12-10 12:29:27.018366904 +00:00
build/images/android-chrome-192x192-5ebe1160.png: 2018-12-10 12:29:36.194569835 +00:00
build/images/30-rock-yes-3c5d8bfb.gif: 2018-12-10 12:29:33.286506305 +00:00
