---
build/cached/3b60ed1fd6670fc86420b907efa4c984.jpg: 2018-12-12 07:38:23.390040010 +00:00
build/cached/29a26471e10bafaa42cb4ad7ae958bdb.jpg: 2018-12-12 07:38:23.366039810 +00:00
build/cached/9204fe6122e937e5c5c2f80a0efe6e89.jpg: 2018-12-12 07:38:23.374039876 +00:00
build/cached/4a5948d97dcf5bedb9f8560c664135c7.jpg: 2018-12-12 07:38:23.422040277 +00:00
build/cached/4f02f8be088ce3da9c7b5c9d438014cf.jpg: 2018-12-12 07:38:23.430040344 +00:00
build/cached/19e5873a153df4ad18985ad8a91fc95e.jpg: 2018-12-12 07:38:23.434040377 +00:00
build/cached/0d3f0991b4390eaddfde391e54ebda44.jpg: 2018-12-12 07:38:23.442040444 +00:00
build/cached/99842d86d7a9ce265e7f65360e5e1d52.jpg: 2018-12-12 07:38:23.466040644 +00:00
build/cached/0f50fe3d26c0fc094b5bb59e4813db73.jpg: 2018-12-12 07:38:23.454040544 +00:00
build/cached/cc90e0fb3f818617a6e07415f9d655bf.jpg: 2018-12-12 07:38:23.510041011 +00:00
build/cached/913987275a9b4f4882cc90dde06d077d.jpg: 2018-12-12 07:38:23.518041078 +00:00
build/cached/d8fcbd3f152bf044a75aad753f775ecb.jpg: 2018-12-12 07:38:23.518041078 +00:00
build/cached/8486ba491f9a4ce3101e757e50e1b9b3.jpg: 2018-12-12 07:38:23.550041345 +00:00
build/cached/93517c990d51a196dab2ca457d43ce8f.jpg: 2018-12-12 07:38:23.530041178 +00:00
build/cached/da503fee524d6307992672f7bd721ae4.jpg: 2018-12-12 07:38:23.598041746 +00:00
build/cached/ab195a7a67f8897073ec51dd199cf20f.jpg: 2018-12-12 07:38:23.562041445 +00:00
build/images/apple-touch-icon-ed52cc8f.png: 2018-12-12 07:38:26.086062259 +00:00
build/images/me-plus-ted-3e061e47.jpg: 2018-12-12 07:38:23.634042046 +00:00
build/images/nothing-to-see-2f21420f.gif: 2018-12-12 07:38:22.422031932 +00:00
build/images/mstile-150x150-e4447f78.png: 2018-12-12 07:38:28.254079942 +00:00
build/images/piet_sqr-eba4e34b.jpg: 2018-12-12 07:38:22.418031899 +00:00
build/images/favicon-16x16-8de6d68e.png: 2018-12-12 07:38:26.118062522 +00:00
build/images/android-chrome-256x256-0f6e8555.png: 2018-12-12 07:38:34.126127170 +00:00
build/images/posts/usabilla-frontend-team-sized-482cfb0a.jpg: 2018-12-12 07:38:28.270080072
  +00:00
build/images/favicon-32x32-904624ca.png: 2018-12-12 07:38:28.442081466 +00:00
build/images/android-chrome-192x192-5ebe1160.png: 2018-12-12 07:38:37.534154088 +00:00
build/images/30-rock-yes-3c5d8bfb.gif: 2018-12-12 07:38:34.574130748 +00:00
